FAM87B_1
-0.175	0.544	0.694	1.346	-0.943	-1.698	1.908	-2.104	-1.38
1 -0.193757084848639 -0.184556944107933
-0.193757084848639 1 0.881046121532726
-0.184556944107933 0.881046121532726 1
IGSF21_201
0.448	0.847	0.81	0.68	-1.935	-0.208	1.937	-0.866	-0.91	1.26	-0.437	0.951	-0.543	-0.727	-0.858	1.734	-0.614	1.022	1.113	0.961	-2.017	0.268	0.768	-0.442	0.459	0.165	-0.641	0.198	-0.218	-0.521	-1.193	-1.115	-0.026	-0.519	0.568	-0.194	-1.333	0.143	-0.527	-0.268	-0.161	0.529	-0.074	0.147	-0.538	0.728	-0.313	0.004	1.279	1.252	2.316	1.06	-1.148	-1.071	-0.833	-0.834	2.199	2.407	-0.505	0.473	-1.991	-1.244	-0.823	0.034	-0.548	-1.168	-0.613	-0.58	-1.863	1.801	-0.417	0.02	1.066	1.326	-1.154	-0.112	-1.491	-0.076	0.632	0.477	2.172	-0.033	0.491	0.912	-0.073	0.537	1.159	-1.158	-1.146	-0.432	-1.342	-1.46	-0.68	-0.224	0.255	-0.152	0.22	0.279	0.449	0.268	-0.192	-0.23	0.513	0.619	-0.899	-0.949	-0.201	-0.836	-0.19	0.025	1.496	-0.848	-0.617	1.282	-0.27	0.845	-0.002	-1.232	1.195	0.728	0.522	0.077	0.589	-0.488	-0.911	-1.717	-1.312	0.644	0.541	-1.432	1.062	-0.47	0.092	1.019	0.403	-1.237	-0.372	1.983	-0.682	-0.701	0.174	-0.345	-1.232	0.27	1.381	0.6	0.926	2.25	-1.095	-1.83	-0.134	-0.295	-0.669	-0.327	-1.161	0.925	-0.12	0.1	0.735	0.761	-1.158	1.647	-1.202	-1.538	-2.108	0.44	0.819	0.541	-1.712	-0.986	-0.845	1.583	-0.277	-0.053	-0.235	0.304	0.997	-1.366	2.021	1.818	-0.874	0.975	-0.198	0.8	1.056	-1.447	0.664	0.744	0.568	-0.347	-0.163	-0.25	1.378	-0.142	-1.532	0.324	-0.129	1.186	1.211	-0.578	-0.703	-1.206	0.289	-1.201	0.178	-0.873	0.844	-2.086	0.337	0.267	0.834	0.727	1.616	-0.098	-2.603	0.856	-0.532	0.739	1.979	-0.239	-0.478	-0.617	-1.623	-1.791	1.163	-0.434	-2.48	0.052	-1.238	1.215	2.239	0.745	0.274	-0.64	-1.755	-0.588	1.235	-0.984	-0.757	-0.234	1.136	-2.055	0.536	2.05	0.287	-0.822	-0.578	-0.972	1.117	1.214	0.295	1.813	1.08	-0.944	-1.215	-0.478	0.078	0.061	0.437	-0.807	-1.323	0.222	1.123	-0.602	-0.267	0.672	-1.422	0.538	0.528	-0.93	-1.019	-0.132	-0.496	-0.041	0.372	-0.946	-0.166	0.538	0.159	-0.814	0.99	-1.444	0.815	-1.013	-0.497	1.755	-0.852	1.102	0.318	0.335	0.421	-0.108	1.205	1.208	-0.239	0.111	-0.324	1.155	0.124	-0.09	0.488	0.246	0.861	-0.499	0.462	-0.287	-0.558	-0.579	-0.757	0.098	-0.08	-1.325	0.405	0.313	0.022	1.158	-1.674	-1.437	-0.215	-0.098	2.907	-0.245	0.897	-1.425	0.203	0.332	-0.281	0.759	1.275	-1.36	-0.681	-1.098	-1.363	-1.153	0.412	1.241	1.145	-2.021	-0.968	-0.673	-1.768	-1.629	0.639	-0.693	-1.768	-0.814	-0.258	0.509	0.598	0.743	0.227	1.292	-0.319	0.068	-0.611	1.193	-0.107	0.072	-0.128	-0.443	-0.82	1.767	-0.063	-1.41	0.823	-0.224	-1.128	0.998	-0.057	-0.861	0.63	-0.909	0.58	0.251	0.09	-0.236	-1.551	0.417	-0.399	0.056	-0.229	-0.205	-0.35	0.773	0.025	0.307	1.002	-0.447	-1.208	-0.013
1 -0.0515883103410869 -0.44732759584157 -0.0345179082941499 -0.0663118559327567 0.0446385746112495 -0.0183246129570437 -0.0579399637087791 -0.0219701055789483 0.029391776454649 -0.0316415543341551 -0.341076520647546 0.0772608009570329 -0.0360875146256321 -0.0322498208488555 -0.0414455182382201 0.0585731730109589 -0.017733002589802 0.0675390693995804 0.0681056781137433 0.0977246600970046 -0.00727193654535792 -0.000587561661362236 0.0361578624146292 -0.0536033521193906 0.0256224914491843 -0.0400187279451957 0.0218591671322732 0.00615414836548349 -0.210027663459179 0.0013757047964218 -0.0202738482797538 0.00429362214578534 0.0360209228290996 0.0371206185679176 -0.0430004448589926 0.00693502310213245 -0.409544396032576 0.215895251992108 0.0486386744199993 -0.0134464174167882 -0.022747920193259 0.022654827088042 0.00235570545245983 0.0210700707323796 0.0411828194373871 -0.00711204566110489 0.0413115137378687 -0.0578371595741429 0.0155006678106752 0.0072891351975491 -0.0255721401367312 0.0547919120381993 0.00448531138417554 0.0673766443452569 0.0266473324935205 0.00364017690228897 -0.0293149334633374 -0.0434925521037399 0.0474483365392343 -0.0488435244598996 -0.0398711223606558 0.0695385997625979 -0.0691498712625232 -0.0148838758570272 -0.0311620575111148 -0.0660940936842618 -0.0390441040696845 0.147630952942038 -0.0813001577349547 -0.0234964435155638 0.114909481341339 0.0100172807023314 0.0336306874124227 0.0211433097671315 -0.0127305048445052 -0.00577094555542888 -0.0124095873840691 0.0093529769797732 -0.191493192754181 0.027224293142604 -0.0360873057362897 -0.0278345225313 0.0578694040231653 0.0664417809277484 -0.187202291968621 -0.19164021906338 0.00393062577615535 -0.056476100083374 -0.0184854525709176 -0.058278552780353 -0.00788948221173323 0.0167771926104312 -0.0188508720029547 0.880352536744279 0.308755103588641 -0.382781564700116 -0.150499395302593 0.124289444965807 -0.0247609006622572 -0.0267436736094633 -0.188418002401329 0.0225764017553188 0.0209316377483828 0.0487301638963796 0.0107728622227723 0.00661721414045162 0.317730362719701 0.0476358501176046 0.050904149648093 0.0481209349316949 -0.0260704756075056 0.0531524421975538 0.00477177484177168 0.0249992660291887 -0.0684667937972613 -0.00789252618369846 0.0186385782001057 0.0293112581390779 -0.00732134675197414 -0.032403578319057 0.0492869244348829 -0.0105091561275293 0.0429442099386441 0.00973044462725571 -0.0293902317673307 -0.0474076224442345 0.0342519652107461 -0.0212099354372058 0.0188005250705557
-0.0515883103410869 1 0.101818451598512 -0.26088915860568 -0.0106441039398697 -0.0189400620155884 0.0242548383899374 0.0361953347614973 -0.308378750451643 -0.00137155734770182 0.0427630406062772 0.106185640760109 -0.0053227141082956 -0.0135085050590897 -0.0029261261568903 -0.36581580321316 -0.235427920283134 -0.0137195285057588 -0.121863902125036 0.180756067021809 -0.662061273470412 -0.278315303533999 0.602558522232088 -0.159042822838765 0.0569408324265831 0.00748551436637045 -0.0309898735756914 -0.021012820683165 -0.0176225823104103 -0.0017410701524757 -0.0358950559222967 0.0840047888061597 -0.053035607932073 -0.0950854657601769 0.00871428279493025 -0.450647200429428 -0.419498120609007 0.106758797699951 -0.0067889417789608 -0.00882002029065434 0.00847371706207205 -0.000506120435224531 -0.0253688282605043 -0.0279491494351396 -0.0391610027072582 0.0310067803411518 -0.591695858603807 0.0434951127426236 -0.230363976107636 -0.0104578284263171 -0.158158627818994 0.0226219219167533 -0.0149190568339736 -0.381415451660676 -0.258560685061824 -0.0305653349351676 0.04168812037924 0.0291980995227452 0.0261983051873567 -0.0735369495203822 0.131694693202186 0.0123324697618477 -0.0425829126720312 -0.00190569884994827 -0.00364852826258351 -0.0129640204885222 -0.00106088130132531 -0.010464487274609 -0.0791579681510948 0.129952050526885 -0.015419022521916 -0.11533478320787 0.000809624801363421 0.00322503884513004 -0.0191411269828867 0.0184299111764587 -0.018415544445979 -0.0228752049711821 -0.00239433052882083 0.0992526283525871 0.0183160856989459 -0.0403234719379072 -0.00908863535870913 0.095803510791089 -0.0252698817092212 0.0807805061800677 0.11556075815339 0.0556556098751633 0.0624156865999484 -0.0581137187375418 -0.00728845003984429 -0.0325492738420404 -0.044188831514429 0.00340018550334612 -0.0462023251608235 -0.00268722415880195 -0.0625619819397909 0.10417839353439 -0.0818841817288206 -0.620150880616518 -0.143607883190675 0.0205889602656221 0.062897629455282 0.0442750955251086 -0.0559882464333703 -0.0635754838626956 0.120684203736258 0.0835223182268785 -0.0133342154088645 -0.0242956885365875 -0.0858996820852712 -0.0153814663040363 -0.0113513605199277 0.0414117837940909 -0.410580635091307 -0.131829246039077 -0.0273367836397176 -0.0467594031726408 0.0537756755925233 0.0126467827363242 0.00623354813181086 -0.421328516931077 0.0228103312345715 0.0285954411016606 -0.0195534096819997 -0.0194638074953514 0.405133541295892 0.0818856051547975 -0.000265619699270343 -0.162488177887266
-0.44732759584157 0.101818451598512 1 -0.0110921403239061 0.0359928239080774 -0.0198001920830504 0.015745828331633 0.0406953866914952 -0.000234566877727231 -0.0393295103690168 0.0115533489342667 0.665896124840877 -0.070150762980175 0.0292730978630904 0.0207944827192729 -0.0258998294202292 -0.0673527018740383 0.0267498092584635 -0.0357665730164242 -0.0391260713914529 -0.0432631161232669 -0.0448104596390762 0.0847034032716305 -0.0442243648668273 0.166123948667559 0.0105159980775991 0.0352462708841348 -0.0190188859320021 0.000325352947746219 0.189411795795163 -0.00946397022381406 0.0547131719513143 -0.00318881270153679 -0.00199150030102264 0.0104346865067268 -0.0120437457971716 -0.05809222701181 0.440776666504616 -0.134402979346764 -0.0600425358056294 0.00329590261402974 0.0294820813195734 -0.00188622189175457 0.00440716852251627 -0.00334893167039472 -0.0304685190177179 -0.0541041957238511 -0.0307913892282253 -0.0264617017142958 -0.00863250014162493 -0.0457076830992269 0.0149524435894522 -0.0326005864664266 -0.0428745132042162 -0.0796706711360488 -0.022792622485789 0.00504680028489538 0.0312106577019448 0.0339566950027351 -0.0129207570345246 0.0489467843051006 0.0181583577030026 -0.136122616936506 0.0430827538085319 0.00966087883770634 0.0115127380524905 0.0128921274989854 0.0425970705323221 -0.181846132364872 0.182378490272093 0.00879958328398847 -0.216151624360953 -0.0238857591144423 -0.0416887604820443 -0.00695848397548271 0.0229798736288418 0.0222078111762834 -0.0268249614533525 -0.024844771794815 0.261101618652155 -0.0311586428190638 -0.00707816062689868 0.0360847740382036 -0.0581917014805303 -0.0543518200587133 0.258212908056591 0.266211852657624 0.00908229762937099 0.234459443469335 0.0168430824261468 0.0309874286795864 0.00328912754778831 -0.0136148688153142 0.00508951687361656 -0.30181825908897 0.0804332873068211 -0.224391093087011 0.225531100065386 -0.0974540966514474 -0.0853632290557608 -0.067774088644279 0.541309464512769 -0.0302080310218714 -0.0223132942798647 -0.0144311040220804 0.00131027533485723 0.019256254825789 -0.351140464591731 -0.0528668958369454 -0.0669089283100324 -0.103812993664457 0.0125917365720181 -0.06662817617471 -0.00544244040847053 -0.0219142190796938 0.0320903869079208 0.0109008215710965 -0.00011042961893958 -0.0169944754828167 0.0146427331771111 0.0378157373884966 -0.0782715759100233 0.010741167489761 -0.0483916824757069 0.00803852884969045 0.0249151796015952 0.0967329659290158 -0.0357739339850441 0.0109155266816357 -0.0169234514303305
-0.0345179082941499 -0.26088915860568 -0.0110921403239061 1 0.00919041353589219 0.0346938476538071 -0.0150554580908712 -0.122829031405324 -0.214325288496721 -0.00074500328142223 -0.00055625937265878 0.00649589395623033 0.0209844680037851 0.027025669519761 0.00964051878471422 0.780430902438607 -0.159418942269431 0.0157352859930787 -0.000645208967145843 -0.00739490526409479 -0.231573212916698 0.729057536395358 -0.358211178511585 0.164647069523961 0.045599262160548 -0.0150286696932237 0.00194222159730884 0.00584975334016922 0.00642678061080308 0.0700894975874689 0.0235448587898595 -0.0754321701323696 0.13746634020417 0.151487545271102 0.144806077331773 0.563331240229132 -0.0920044300666903 -0.00612219856840978 0.0573151777423522 0.017838538167479 -0.0183897709225492 0.0027818764879339 -0.00380226345603329 -0.00221252475218667 -0.00992881181691833 -0.00524471714369831 0.452452233101355 -0.0466493817348949 0.706745876195681 -0.00753596118373582 -0.0724013139615179 -0.000304720811132136 0.00296120240875189 -0.238127946493469 -0.183292021453899 -0.00684793587200543 -0.0215674361236293 -0.0241867894881502 0.0127009418906541 0.0343348626578913 -0.00074253060183049 0.0230563230977049 -0.0447637115796535 0.00336612732408788 0.134196067763492 0.0218680967289584 0.0234803582634645 0.0138052781028441 -0.0306157257112035 -0.0328694292148908 0.0450780044937271 -0.150266470651792 -0.0451516023548413 0.00638706226642808 -0.00447911620875841 -0.0110819443494583 0.0150727436903342 0.00370995054007441 0.00787704005750743 0.00300385917174174 -0.00891399470751759 -0.0041393327781226 0.00887428981043224 0.034555733016659 0.0133993254087522 0.0188481516050964 0.0129628076877609 -0.00963301067923929 0.0181073415442876 -0.00391262548573741 0.0195607903219276 0.0241344906982506 -0.0262854177519444 -0.00788396112014824 -0.0390896071169779 -0.00677456151746118 0.0272218269724682 0.0035129980941948 0.0696967202453337 0.581547223253979 0.514672271009511 -0.0178355243406225 0.0061261049808109 -0.0328342074635374 -0.00234118662815028 -0.0304390676801774 -0.0580570542064733 -0.0403111169583695 0.00736428263098247 0.0152496724132001 0.0151513379883486 0.0255848165758059 0.0363669235149432 0.0157587630115627 -0.172486948580496 0.017958828169068 -0.030937845772117 -0.0352221771910817 -0.00948758183677979 -0.0154468018544603 -0.0245862728877187 0.62941962908267 -0.0163350356561402 -0.010948747649932 -0.00626754738005539 -0.00779062691021029 -0.093282647761398 -0.0111907805977703 0.0100046403883522 -0.226477424591771
-0.0663118559327567 -0.0106441039398697 0.0359928239080774 0.00919041353589219 1 0.00212684619940439 -0.189152729298309 -0.0164569938303807 0.00202186707177836 -0.335393683541329 -0.0145498078445697 0.0357833614313831 -0.301617022798652 0.0020495311731133 0.385828510334414 0.0031525705969017 0.00111733016643261 0.0261804735672763 0.00758871048640239 -0.0145598455641373 0.00564273775873809 0.0142769023245095 -0.00724078065694748 0.00440708726905361 0.00417892447007777 -0.441883373496251 0.000666810698678196 0.00914155818079876 0.0202377800918447 0.0306983905456471 0.0164591079387297 0.0134403852362053 0.000583884137454845 0.00568340164788349 0.0110679280355544 0.0029223632384699 0.00793732940578451 0.0271862310592844 -0.0397328941598599 -0.331987062096816 0.192025021775968 0.0717348617192094 0.0063021522495721 -0.00195352393749455 0.0142133320473849 0.00187762843233605 0.00567555943194469 -0.0241453105476378 0.00269068197073075 0.00159554222729503 -0.0245787111004351 0.2103253470412 -0.0801968809433075 -0.00552255122766322 0.0109151900386278 0.000254440345806448 -0.115561701863011 -0.143367986502305 -0.00441990802020708 -0.02432625512865 0.0214715595946911 -0.00305571091502087 0.034958387600212 0.737810480376092 0.0179515938439987 -0.00421719970966462 -0.000198176050124816 0.0761885315956202 0.00119581938499596 -0.0341109868624041 -0.00672119130899184 -0.0131761667904134 0.0240856908615415 -0.461263044341594 0.000922703710044872 0.0737545552345646 0.0268537127715961 0.157168361824638 -0.0848815277088566 0.0276837133114408 -0.202544570490191 0.00393944798156982 0.0144477449001189 -0.00645823428727648 -0.208770928463752 0.0225050638540351 0.00694780694026241 -0.0173109951845796 0.0340449151159034 0.02172018117241 0.871094124503655 0.00430788628848807 0.00283825057783418 0.159458671044404 -0.065209633388123 -0.033663707136079 0.0262244415304396 0.0143015113390288 -0.0105425951268239 0.0174679581560554 -0.00318317412431549 0.0235084060104155 -0.0140683979103004 -0.0225956125580638 0.007308018410717 0.00680449695823746 0.0129771835409265 -0.0480108169796074 -0.24395296629188 -0.229442819902203 -0.0145624532273539 0.587736614171389 -0.121988172009089 0.00767616898208499 -0.000499671490996196 0.00709431793958069 -0.000954097620439162 0.00685328142064626 -0.00700627190948414 -0.0107278455626726 0.00694318816899126 -0.00374941223382966 -0.0117367870737995 -0.0103941592538652 0.00798517129753994 -0.0062975408180622 0.00846966802734176 -0.0271120318490699 -0.0143699662497579 -0.0170259883100839
0.0446385746112495 -0.0189400620155884 -0.0198001920830504 0.0346938476538071 0.00212684619940439 1 -0.00853671769108182 0.018409921848545 -0.00289551706943181 -0.00641134875109494 -0.154408102213758 -0.0093243248622082 0.0176349505242257 -0.216251142933155 -0.0102460107373151 0.0327785434708238 -0.0251108066956538 -0.0696963639468716 -0.0403605825141728 -0.000403416295789272 0.0245315927414839 0.0403707748246386 -0.0112244317479512 -0.00881810830812754 0.00125363360550929 -0.011382456064853 -0.311981874613057 0.421164799018738 0.195071866972953 0.00722598116424225 0.382708445815067 0.026184991965 -0.0662865088426424 -0.00511761041524972 0.00209528164604696 0.0222082628623024 -0.0105368521105643 -0.0200878913369892 0.030236578343294 0.013938996199629 -0.00161788446721885 0.000326012178322743 0.0384966592594497 0.0767571384874296 0.0205654018518221 0.114626031153126 0.0041408576275031 -0.00643544763800665 0.0133838341035016 -0.0796910515764275 -0.0437764669802314 -0.0166470815092926 0.0307710627347838 -0.0123818789977195 -0.0284143249077257 0.604485128191013 -0.0125443041911321 -0.00460445968067915 -0.0191677143968005 -0.015032744540419 -0.0473530672507642 0.0995404661322586 -7.11012946453599e-05 -0.00563625978824047 -0.0110033917828117 -0.224125710981465 -0.257390030287831 0.0028513772249883 -0.010485715325624 -0.00290299837137016 0.169866869518527 -0.0064391838340104 -0.0453354633151917 0.0105473890807669 0.0888707071627916 -0.00738180757744331 0.0206491381382246 0.00625757341881708 -0.00785589854538165 -0.0261092033622989 -0.0201629329854927 -0.0572398671937674 -0.116540511658279 0.0344505915592044 0.0385358818086792 -0.024709901103163 -0.0329518342975817 -0.0111632877304934 -0.031192138760162 -0.14508318572886 0.000653659454994999 0.244602612572022 0.322278074680324 -0.0027854668642494 0.0423697744058621 0.015542212779925 -0.0179338856520547 -0.0367106577844264 0.0428574661341351 -0.0093394818610383 0.0245675940315596 -0.0158545053478378 -0.0677032574678543 -0.193809902570898 0.576555542531166 -0.199512438744721 0.0646780600456977 0.00588552769574232 0.000954871137752772 0.00507605757878934 0.0106386589216169 0.0197677798459839 0.00659517478924581 -0.104889676625525 0.0541074576851413 0.0915216806250214 -0.150596539604255 -0.180548912778423 -0.170801404236535 -0.150324785535906 -0.164959180309122 0.0529839304659534 -0.075262433659862 0.38617318723301 0.278648631580056 -0.349098049746547 -0.0810674767610118 -0.0981715937229459 0.067513430604178 -0.0237357748324999
-0.0183246129570437 0.0242548383899374 0.015745828331633 -0.0150554580908712 -0.189152729298309 -0.00853671769108182 1 0.0224834039024049 0.00238391444842732 0.330856134807541 -0.00454802567717506 -0.00172823338483694 -0.148401630958297 -0.0142520346209172 -0.0449729342168457 -0.0072414203991483 -0.0135174902217973 -0.000210969186879867 -0.0153762740714983 0.0175455363398156 -0.0176405977527864 -0.012690634650894 0.0108241298175522 0.00995429143847967 -0.0157023427257929 -0.286771085642931 -0.0192851140198384 -0.00110073215057705 -0.000636709991030146 -0.0369017984119735 -0.00625766239804374 0.0125813831552179 -0.0320755198050015 -0.0292374580161443 -0.014972745469496 -0.00359188500198842 -0.0115568210665461 0.0267734412373327 -0.0189372973938722 -0.167621921268557 -0.149954595364614 0.261422495000045 0.0103904467347191 0.018868106069239 0.00465875368504994 0.0123889831297033 -0.0142276560338301 0.00918692934368185 0.00107790371988653 -0.00771687564466171 0.000772653126166917 0.362875853403075 0.00787142833255372 -0.0100971873641956 -0.00713642345428921 -0.00800436692148616 0.655394158638495 0.738206288812662 -0.00207291777262133 0.000142120457158067 -0.0103741462311562 -0.0122572971777969 0.00920119781891492 0.432154077557451 -0.0227497482956971 -0.00756619500652269 -0.00580687290030644 -0.0573552818959934 0.0101125963318299 0.0483540003176745 0.00774667660464543 -0.0329792075300595 -0.0104696906573724 0.456561780989795 -0.00492598711902823 -0.141471228911627 -0.0504558427719284 -0.0634643207696238 0.273624315832391 0.0145997814484212 0.236702123261049 0.00127283581631357 0.00443763693465266 0.0129887359377152 -0.117609623414636 -0.0073159329512491 0.0207611377875893 0.0042913453324365 0.00817764087061216 -0.0179719532685703 -0.205004023166288 -0.0209402095554663 -0.014909587090351 -0.165941898241212 -0.0229124222623859 -0.0321461854000308 0.00737400554855667 0.0546294179635984 -0.0515140887013352 -0.018743350334712 -0.00438028430107803 0.0205354185641689 0.0289499726958571 0.0209767305662443 -0.0120784814990415 -0.015298020724607 0.017113264527484 0.0436980310797207 -0.123639923254245 -0.167640169019869 -0.0608327289453924 -0.253729322362325 -0.048447933384644 0.0244639228286576 -0.00234216413982882 0.00410213156347912 -0.00947085846323905 -0.00573069988784202 0.0128279306300963 0.0123370456167605 -0.00106655847534562 -0.0229881145548001 0.0132436850551349 0.0145012987755545 -0.0180571726576148 -0.0221848924655284 -0.00398163437950401 0.0357605955853621 0.0163058499550189 -0.0302576025722601
-0.0579399637087791 0.0361953347614973 0.0406953866914952 -0.122829031405324 -0.0164569938303807 0.018409921848545 0.0224834039024049 1 -0.0248552040165466 -0.0308146780376859 -0.021800190153917 0.0247700651857457 -0.00992412683023198 -0.0519486832918146 0.00315786083514813 -0.111144184692741 0.0156957165440442 0.0255023062786206 -0.537109589525185 -0.102457529060916 0.0207992536913082 -0.0659725815800479 0.0798608073609521 -0.00533488657924184 0.0289625881632414 0.0292486792128847 -0.049113523360049 0.0347348439723859 0.0292259465167652 -0.0428878376286191 0.00307161585185085 0.379965166220672 -0.602178796917019 -0.666867950009221 -0.508850636636971 -0.11903983823259 -0.0077360673836438 0.0400215331843536 -0.0559543445035315 -0.021664992538358 0.0215647000977843 0.00452714586832079 -0.0215860110276494 0.00717939095919682 -0.0206834870213927 0.0546105746535707 -0.106301686627807 -0.00811058852012456 -0.0583793472524705 -0.0149899878946417 0.125965966982994 0.00340923606657952 -0.000704301592510611 -0.0179390997571324 0.0524825069480402 0.0239406632393654 0.0137911895266559 0.00920094260872322 -0.0229747630595613 -0.203228157651616 -0.197050784557271 -0.0355037121690552 -0.0423070092024829 -0.0105041388014068 -0.664561453418063 -0.0409088282200684 -0.0238973726301952 0.0023551720620765 -0.0200258489477173 0.00897438117908152 0.00806254590126077 0.00776015375177231 -0.332837437176891 -0.0119472979216135 0.000478296395208214 0.00928023698668305 0.00173437348343874 -0.0165125868359833 -0.0287883137492887 0.0700297326534064 -0.000263807178240733 -0.00161921956668124 0.0019738298213571 -0.272065300121699 -0.00423108504053507 0.0720943020512857 0.0712443651280701 -0.189236314565993 0.0501700983212172 -0.0275763486385301 -0.0247626996560179 -0.0240005803226118 0.0180358093621388 -0.00109311824577673 -0.0726264649107415 -0.0508163005346719 0.0451409288748673 0.0791386559250247 -0.0324290887854935 -0.0805157378175864 -0.0770088371820075 0.0276221602399977 0.015176074375574 0.0100847676364072 -0.0566394220064725 -0.0454569269064725 0.249306149853982 -0.0198704971618791 -0.0355613336220512 -0.0274452033076587 0.0128347791513577 -0.0239435292353917 -0.0113915001654041 0.0305719723698721 0.139005475713814 -0.00959861421468654 -0.00651616203878512 -0.0791950287739014 0.0595044734567966 0.03134943468797 0.0380505554319076 -0.0455800979150191 0.0380938596454228 0.0404159449230652 -0.0268256155366937 -0.0495478842395261 0.00237582592981149 0.0173154305869761 0.0318418351375055 0.00986568894031364
-0.0219701055789483 -0.308378750451643 -0.000234566877727231 -0.214325288496721 0.00202186707177836 -0.00289551706943181 0.00238391444842732 -0.0248552040165466 1 -0.00344518699906711 0.0188905446882387 -0.016725172683973 -0.0116779251910858 -3.0184526092951e-05 -0.0270070178843157 -0.199981973164905 -0.192451143449282 0.0196588748254394 0.0541530110690484 -0.0147232233027457 0.613142074026682 -0.199956802710816 -0.412910552692056 -0.0909823439142165 -0.0521874333325262 -0.00142923317594606 -0.00144489329816331 0.0264675979865656 0.0452710671717782 0.00953082359151658 0.0191465469621411 -0.0666171945969309 0.0252803374252481 -0.0347975134393878 0.00923442817489826 0.66096707456078 0.449108785632062 -0.0323962852553233 -0.0247000470782482 -0.00101155967575296 0.011895023986389 -0.0164957758178037 -0.00463753016567315 0.00589133345623155 -0.00848996292969193 -0.0245933736982281 0.5036205103044 0.0247417075133211 -0.166478036947908 0.0470128363555444 0.0593183958188558 -0.0341762724426712 0.0191192808591497 0.568091555881617 0.0135352780464048 0.00858123880379521 -0.00981860269477175 -0.00867051566683264 0.0198245080447273 -0.000260241465743074 0.00228970632652022 0.0129255635487716 0.0292008671076373 -0.000930459797037523 0.0287529092531762 0.000606807385470217 0.0102019707436314 -0.00687545018435198 0.0670419816457755 -0.0542668723795896 -0.0333871033057306 0.24316009850909 -0.00543233267817596 0.00165234939016016 0.0104595438539652 -3.59814220341761e-05 0.00431191900026286 0.0155865782869561 -0.0198583201113797 -0.0556112030024697 -0.0148453418294576 0.020065746208951 -0.00294596187349079 -0.0709817088095293 0.0110608446159063 -0.0527755954354606 -0.0485444161831162 -0.0678197292538655 0.0252138950150822 0.0112753770442128 -0.0185514821317327 0.00699102950896328 0.00772337417939981 0.00933318360732302 0.00830289473742902 -0.0330702710868741 0.0134184501643634 -0.0321899075312606 0.00781762092293735 -0.267110542391455 -0.0884348130214138 0.0228399563703227 -0.0377102435538488 -0.0202682005189669 -0.00319843915098647 0.0110478355405689 -0.0956136933331221 -0.0809886018333857 0.00633072479531667 0.00237466531163904 0.0136752419716737 -0.0149082458900306 -0.00811439511977621 -0.0166761505997418 0.516026199817087 0.146549999317457 -0.00140709642118738 -0.000993495313010475 -0.0254829753617143 0.027216559259208 -0.0122832878374362 -0.335846240687801 0.0306743137000513 -0.0202736275868854 0.0126798223218931 0.00112389581527687 -0.140643095133023 -0.0246189162877836 0.0181468470155377 0.315561332800616
0.029391776454649 -0.00137155734770182 -0.0393295103690168 -0.00074500328142223 -0.335393683541329 -0.00641134875109494 0.330856134807541 -0.0308146780376859 -0.00344518699906711 1 0.00101919068635028 -0.0394850912408081 0.456195713028201 -0.00108181287039722 -0.245909420796479 -0.00129365443453065 -0.0126407469218832 -0.0103862039829613 0.0225960097785654 -0.0129561490241058 0.00302073177486934 -0.000182762459302674 0.0106941567511276 -0.000605364549006658 0.0201452663360377 -0.408437328827288 0.0079585889948752 -0.0197473610465444 -0.0239155627982972 0.0161132598229913 -0.0218726609867033 -0.00318906294615947 0.0221543650161616 0.0397877220480991 0.0120450063073965 0.00469582958797132 -0.0142385721189666 -0.015453479049334 0.109979943586672 0.54785147587716 -0.475023994217419 -0.250175395787094 0.00116527265506137 -0.00177331020979986 -0.000683194243588938 -0.0111876552234188 -0.00608128049221145 -0.00296982610989168 -0.00316155778259418 -0.0103349885206458 0.000104241735334196 0.0520285265128397 0.36705105264785 -0.0211170746515901 -0.0108596293734074 -0.0191878491344523 0.30460603452083 0.364561032588428 -0.00465403116090755 0.0227832759025288 -0.00658557632037101 -0.00299368437698939 -0.0260342000664895 -0.106556415865834 0.020973034411317 0.00114854043896406 -0.00229547703873559 -0.418090757202896 -0.0398668239561395 0.0198256135904819 0.000336547824834131 -0.0194494844853577 0.0112014193580491 0.706921766194935 -0.00805552739167904 -0.354701852057459 -0.189027652159494 0.0143445892738359 0.82186630498731 -0.00884790564844358 0.555316387154065 -0.000788408497502888 -0.00599637854872902 -0.00138230091425815 0.280512313023953 -0.0514166928897201 -0.000469761332432155 0.0277861488787128 -0.0645400460955931 0.0052099875388299 -0.326010236077611 -0.0151033019980101 -0.00470103855541618 -0.313346004416096 0.0442534980981125 0.062596512546774 -0.0281474259091306 -0.0111874677446848 0.10473763527094 -0.00463655839719617 0.00632235896758772 -0.0129614357132482 0.0157010780384058 0.0228481587693962 0.00775511138679471 0.0112820842959167 -0.00694502456630296 0.0337684640908027 0.81427932105343 0.718803244559174 0.0624317510765633 -0.0964976886496569 0.187242545787789 0.00667812031333577 -0.00426559576083154 0.0386146330358512 0.0114579707912725 0.0146591167034755 -0.0066771281069894 -0.00303854194234072 0.00287129041248306 0.00982319152915923 -0.00263326998094168 0.000214401055597545 -0.00812539676458468 0.0129056546711293 -0.0280586819157159 0.014202242071022 -0.00165479892499541 -0.0134335370352225
-0.0316415543341551 0.0427630406062772 0.0115533489342667 -0.00055625937265878 -0.0145498078445697 -0.154408102213758 -0.00454802567717506 -0.021800190153917 0.0188905446882387 0.00101919068635028 1 -0.000281249833954085 0.00509642174384131 0.599811584437357 0.018941675641569 -0.0288969313013231 -0.0412807156308168 -0.176591354354248 -0.0654099453298517 -0.0323072174100623 -0.0198062096253753 0.0046016297652818 0.0127728722137601 0.0254679512187421 0.0107359721748843 0.0105065810845259 0.333426321063941 -0.159480882266381 -0.12393187247216 0.0113718681781067 -0.0869428857857253 -0.00649495066732803 0.0756802715102644 0.0559581452791759 0.0269679073185269 0.0104262871385458 0.0146918331135445 -0.0152722434916533 -0.00140162639280046 0.00387513250654301 0.00142495760904733 -0.000441433583424386 -0.230497791597136 -0.202871951834541 -0.25844786145824 -0.451025823868374 -0.0164442046316516 0.131688044757535 -0.0302920201106273 0.00976462906567882 -0.0648800021383237 0.00514376140564859 -0.0256784415335248 -0.0195071331585391 -0.0262691367982645 -0.173998519265734 -0.0137961226426235 -0.00581503930819642 0.737050021281279 -0.0479462006923238 0.0109562521121447 0.819784569779698 -0.0213152627576053 -0.0110014263974442 0.103359323245714 0.676256731339879 0.786522327784561 0.00433609659595545 -0.0165292361601684 0.00520577121491233 -0.0796483939804424 0.0340801872910702 -0.0209317710670957 0.00322767663093343 -0.105208860551683 0.0103027541075309 -0.0106052265264216 -0.0150835497482574 0.0078340801992034 -0.00261034590145342 0.01168391853361 -0.0855957569943895 -0.225398378746139 -0.0426900465033499 -0.00655765352863762 -0.000351021724004849 0.00708460291367408 -0.0994680009631299 -0.00255615928866963 -0.487800500148785 -0.0128606856184043 0.437329797018483 -0.331146522620371 0.000359500073149026 -0.0146864950420445 -0.00151001662322394 0.002486870141427 -0.00720360635985491 0.00332982743488746 -0.0317990830358834 0.00258015790828513 0.0124425600352033 -0.271247963875049 -0.324391120790017 -0.39395906539446 -0.382262426900222 -0.0515383056087716 -0.014122227684251 -0.00191009935780388 0.00462056659090207 0.026005011560642 -0.00509805321307829 0.00556235978757884 -0.344421442256627 -0.0268884406527569 0.000346695380012423 -0.27190546254807 -0.321363856740227 -0.335452066689036 0.0311079313219088 -0.302685676159021 -0.0329757741318697 0.0916481662642639 -0.300406845766959 -0.305090018074507 0.385215902430909 0.0345704825093552 -0.134573830205101 0.0152368863877013 0.0427785280066561
-0.341076520647546 0.106185640760109 0.665896124840877 0.00649589395623033 0.0357833614313831 -0.0093243248622082 -0.00172823338483694 0.0247700651857457 -0.016725172683973 -0.0394850912408081 -0.000281249833954085 1 -0.0435318341209492 0.0156329305532919 0.0134687979128603 -0.0207996616597404 -0.0434304487549049 0.0302989015744272 -0.065127759433872 0.00431187076698778 -0.0569816192875996 -0.0192169901691235 0.0514921834662922 -0.035837706691181 0.141262522662191 0.0155698379767595 0.0100852984053477 -0.0154187016969626 -0.00278608311150918 0.0440902877106164 -0.00955256264260686 0.0158525274468605 0.00763057958814222 0.00347302989976652 0.0368990910668938 -0.0130440229648177 -0.0455047583512917 0.581852141483887 -0.144609335909277 -0.0478169490946632 0.00917927767976245 0.0469002433858243 0.00135604111239432 0.00860544705863659 0.000266452842853769 -0.0120087675555482 -0.0379431582475285 -0.0308957441833677 -0.00923104778325872 -0.00732508036234831 -0.0473760930408227 0.0268285071846361 -0.00994224571836853 -0.024734446733592 -0.0562472081090066 -0.0187288680569508 0.0280132472721962 0.0136272676018461 0.0255306213720371 -0.0322240035521553 0.082102320305981 0.0158425778363997 -0.082483052684001 0.0220903467937514 0.0345841727745611 -0.00112245457659608 0.00485188994806827 0.0259396610404623 -0.204199826894481 0.250943882697608 0.0175515616083647 -0.259118651041453 -0.0172413645701394 -0.0481260862888668 -0.010263541622757 0.0273549189487406 0.0192713471817167 -0.0481403225990176 -0.0293922643883826 0.435242698955684 -0.0186437472072714 0.00866152495430031 0.0293074104055198 -0.0242329824800313 -0.0418172645554632 0.285966438342611 0.44103107802498 0.0300056077957323 0.220520207028077 0.0127271676020854 0.017750064859097 -0.00524743719447501 -0.02614479632301 -0.00357217184655719 -0.422425739287854 -0.412218287087684 -0.169602594729746 0.43762245015821 -0.116920750225416 -0.0716178547965749 -0.0571519076966751 -0.227331521845613 0.00196714243333907 -0.0127640357002184 -0.0153705996190975 -0.00631281893078815 -0.000465763494548474 -0.241637877624794 -0.0445429087040965 -0.0601887409623968 -0.0616844216770643 0.00580022861337485 -0.0486636759501983 0.0233678473291577 -0.0580776340092907 0.140605031302402 -0.00694589670358607 -0.0107255002848575 -0.00103321479008637 0.00863819435642317 0.0148031097839955 -0.0443988476205425 0.00842493078559386 -0.0164796494537966 -0.0149107145958281 0.00525802707028702 0.0968777950577139 -0.00916473678107575 0.00877569915820786 -0.0295138679121523
0.0772608009570329 -0.0053227141082956 -0.070150762980175 0.0209844680037851 -0.301617022798652 0.0176349505242257 -0.148401630958297 -0.00992412683023198 -0.0116779251910858 0.456195713028201 0.00509642174384131 -0.0435318341209492 1 -0.00137705095106649 -0.0941540915698582 0.0080468976357402 -0.0258687961051064 0.00332054681460248 0.0198632174960585 -0.00290137839492916 0.0131196653538678 0.0204330004654035 0.0132194637617213 -0.000553466652794281 0.0420657487616747 -0.377200394869643 0.00467932916768515 -0.00516145781465588 -0.0153567990752761 -0.0123216773928718 -0.0299413678985135 0.00302851910780124 0.0226340229447089 0.0267179671383125 0.00311894514205818 0.0109626856084364 -0.0193300742459227 -0.0390387338122478 0.131426858640957 0.863317849500928 -0.254108738213556 -0.270612649694577 -0.00976622407984777 -0.00427767382166743 -0.00514065466095585 -0.0180577998374868 -0.00703807262406848 0.00226644172231913 0.00238530686108325 0.00580349034195934 0.00825774756420759 -0.167907558401116 0.0902944271782697 -0.032734089147706 -0.016404426434296 -0.0110537649438057 -0.125277370000694 -0.161292657938191 0.00641291051037233 0.0374865338475975 -0.0111734876697721 0.00819277759552013 -0.0623093964707838 -0.448852651849607 -0.001340981514994 0.0061217163052606 -0.00445369360221947 -0.233886759058901 -0.0233281676558445 0.00335983380018459 0.00091451084403862 -0.00493276633132079 0.00117956796219153 0.648123806021378 0.00639975918132315 -0.192025218959268 -0.171973599323164 0.0543816209790162 0.384411930256279 -0.0104922385636094 0.351441445151365 -0.00837768461787872 -0.00287304651894737 -0.00401193302438562 0.603211360528661 -0.035340334300194 -0.004298693026022 0.0151136917558607 -0.0400290008148715 0.00697422277326988 -0.375377763356804 -0.00760779053951873 -0.0018226543973872 -0.142162215802795 0.0844956147605562 0.0738346975289088 -0.0415164524489843 -0.027676681317301 0.127077143568807 -0.00526285048110832 0.0193387617622751 -0.0503534810517381 -0.000421147293195037 0.00867264739736754 0.0139029069049964 0.00491917499314035 -0.00424421640036774 0.0365769709537572 0.57383146559077 0.667005546135007 0.0693243478206661 0.0280751919799453 0.597339006041818 0.00297066243136556 0.00519531018228562 0.0334916785459389 0.00736706572664868 0.00246358850630597 -0.0156059245202341 0.00416033054400128 0.0116227003949072 0.0269932795734791 -0.00155484407421471 -0.00930673972242136 0.00498654745254999 0.0145678495516739 -0.0317410502423626 0.000214274899471729 0.00344323677953451 -0.00889014191713281
-0.0360875146256321 -0.0135085050590897 0.0292730978630904 0.027025669519761 0.0020495311731133 -0.216251142933155 -0.0142520346209172 -0.0519486832918146 -3.0184526092951e-05 -0.00108181287039722 0.599811584437357 0.0156329305532919 -0.00137705095106649 1 0.02369813542332 0.0069129757656911 0.00570766730778148 -0.2230029463928 -0.0227499259489107 -0.0476705901540541 0.00817944491509412 0.017508525126135 -0.0203422210541584 0.0182017578951254 -6.37292953814916e-05 0.00790362867125106 0.652621503370717 -0.492285618491746 -0.413532042673743 -0.00606546540911012 -0.20821564914891 -0.0468005069775508 0.0943361361547323 0.0797397848560301 0.0159622863221595 0.0173821483599589 0.00812418127291666 0.00973903731197511 -0.0172091496930699 -0.00357870983565656 0.00851941886464487 -0.0105600737104716 -0.125331392911491 -0.219771885113377 -0.136505868064598 -0.296624023238558 0.0198985505195631 -0.201560954472443 -0.00384633991664051 -0.237043304709774 0.0129915823973466 0.00843398275001873 -0.018947440649638 0.00559090700833607 -0.0115820318012292 -0.320891143237349 -0.0205311934104864 -0.00999572585961056 0.397871589274983 0.0418712564152805 -0.0136860959248609 0.592320971453062 0.00500401493126335 -0.00147531112676618 0.0809653455192082 0.841855503394598 0.614210163955002 0.000621865767784266 0.00255693636123353 0.0137515857616174 -0.0603508333980097 -0.000661594418782127 -0.0596227663520513 -0.00773215469775909 -0.104124083482774 0.0109671111843168 -0.010267096091593 -0.00447860080737531 0.0105710572977232 0.0204889546347179 0.00398574348835161 -0.0501709468077001 -0.197388979546496 0.00268785242557309 -0.0101537918336899 0.00311745933986602 0.0124774768398364 0.0183932416108562 0.00705315880652269 -0.307497779231834 0.00379919183147148 0.61939787820104 -0.531415720149799 0.00722373773350663 -0.0305666280846414 0.00479321249865528 0.00659874555707917 0.0105084442146261 -0.0125904766871363 0.0178181852208965 -0.00952400232054725 0.019480430996249 -0.269387029021109 -0.50037978764299 -0.213729519461176 -0.107533408045252 -0.067036503525007 -0.0221381714713003 0.000445531283693689 0.00230326194740535 -0.000338736817772834 0.00598822433270362 -0.000153322287790949 -0.377286193051537 -0.0105781334881279 0.00909103858670277 -0.297876921146113 -0.0653709290737487 -0.224015659386308 -0.156202862165195 -0.332056823941796 0.0120842923573135 -0.0786765636150765 -0.461411075017319 -0.471229906294161 0.566173326696249 -0.0413569430110476 -0.30844880447793 -0.13570323087712 0.0401050288785769
